1 1
1 499
121986 133554
161747 163682
191262 188365
203114 202937
212102 211092
220542 214456
227948 234655
242242 242257
249691 248416
267036 263858
269511 269516
282188 280694
287656 288438
302273 297188
305437 304690
313124 317385
319625 319415
358589 358629
362931 362461
368402 368749
372426 376104
378207 378629
387709 387821
393796 394530
404219 404876
420087 420143
429671 427056
431803 431822
433247 434594
452618 443967
455839 455860
465492 463452
478306 478028
478604 479193
483191 482238
486102 486323
489637 488552
493016 496976
503463 503406
517162 516967
524253 524155
525812 527233
537843 537958
540253 539614
581189 581188
581712 581524
585877 587458
590269 604189
605445 605301
609691 608512
612347 612942
621163 622014
623140 622893
627921 627938
631257 630585
637363 637283
644333 644561
645964 645770
648024 649279
653540 653203
654573 654616
655471 655793
658372 663010
665680 665967
669825 669771
999789 999999
133554 121986
148506 150869
160014 160331
163682 161747
188365 191262
202937 203114
539614 540253
541915 542602
544058 544386
544919 545019
553075 552475
557197 554233
566601 565815
568153 568183
581524 581712
587458 585877
604189 590269
622893 623140
627938 627921
630585 631257
637283 637363
644561 644333
645770 645964
649279 648024
653203 653540
654616 654573
655793 655471
663010 658372
665967 665680
669771 669825
999999 999789
999999 999999
